"X3.17946174275532e.08","X1.53526347304499e.08","X2.883374795246e.07","X4.40671752280903e.08","X1.05584972031312e.17","X0.135622537609414","X5.90657175868649e.09","X6.64940022661113e.08","X5.30032364053576e.08","X0.123384492854452","X2.58493796431055e.08","X0.230739656826745","X8.34564922936237e.09","X2.93386464034565e.07","X0.292195344878526","X2.71521318728895e.09","X2.44331255510805e.08","X1.02925456736912e.07","X1.70991108996548e.09","X0.218057003509946"
3.17946174275532e-08,1.53526347304499e-08,2.883374795246e-07,4.40671752280903e-08,1.05584972031312e-17,0.135622537609414,5.90657175868649e-09,6.64940022661113e-08,5.30032364053576e-08,0.123384492854452,2.58493796431055e-08,0.230739656826745,8.34564922936237e-09,2.93386464034565e-07,0.292195344878526,2.71521318728895e-09,2.44331255510805e-08,1.02925456736912e-07,1.70991108996548e-09,0.218057003509946
8.3485109678439e-08,3.77617024096564e-20,0.0396399619036805,0.0492161429960066,1.04076432740127e-08,0.125387503860613,0.0211968345658968,0.103702873908582,0.058180569796297,0.0502164456189099,1.80842515471892e-08,0.24336256725476,9.52553811652551e-10,0.00130710120623621,0.0482746948473435,0.0164518258094143,1.49469476600558e-07,2.77296202187156e-07,0.0329443453096852,0.210118593227337
3.07330231582203e-08,4.09998312739652e-20,0.109847136490004,0.00525525065574952,4.8561094043479e-08,0.104942126355095,6.91816173932627e-08,0.122117120304351,0.0681339074834753,0.0478408079305582,1.51353245421907e-08,0.252105235435028,2.15325641293981e-07,0.051518611012204,0.034786686348997,5.56120699328876e-08,2.32220921058307e-08,5.99783592183373e-07,3.43900866496916e-08,0.203452026039996
1.31331526762932e-07,5.46836889343363e-09,0.0635697804198245,0.0189711965635235,2.32825694709249e-19,0.127169830383096,4.63768068305173e-08,2.10722904276691e-07,0.0495153356491654,0.111982541269819,8.7999184021507e-09,0.32597451687715,1.92265906750799e-08,4.14788754016996e-07,0.078847087072882,1.37467334807767e-07,1.21456471911753e-07,0.00482863123199931,5.69493057880966e-09,0.219139979198933
0.0191682200530962,0.0712176512416185,0.0851543493169258,0.0110203747694975,3.66306686610307e-08,0.178957823492555,3.51187702982898e-08,0.00285806759320576,0.0468127612889114,1.39130073200076e-07,5.30130374055882e-08,0.195218389246304,3.14580391824084e-08,0.114042720665655,0.00693072284373109,2.61976441604302e-20,2.49078995263702e-07,8.17257385481068e-08,0.0270242541688356,0.241594039164342
8.85750940877679e-07,0.0743990176938274,0.0375862583237237,0.000252222681857355,1.33701003626605e-08,0.177531036369657,3.38858212648582e-08,0.0303107266522415,0.0265803201036559,4.04738963074169e-07,2.32572029070217e-08,0.254694352271874,1.74369557771946e-08,0.020336068651254,0.0626145635028009,1.38592849210903e-20,4.49780180753535e-08,0.036689227837713,1.18769126237463e-08,0.279004770616481
0.200424813512254,7.32362279997112e-07,0.152637536547553,7.87407459415168e-06,3.14057851830128e-07,0.039431629112316,7.13510548415976e-08,8.40139676024529e-08,4.54424520122858e-06,0.296977091263693,1.19938904946294e-07,0.240637759288286,2.35772527838906e-07,5.05391800064792e-06,1.84753692628747e-07,1.93222263476598e-19,7.94837950489978e-08,1.34061484108802e-05,2.2817863239604e-08,0.0698584473377535
4.1233552436336e-07,0.158226217807756,2.88853335022338e-07,0.13604865104151,1.12417984366141e-07,0.436555989342506,5.59305327907218e-08,7.74865920618946e-08,8.31678594971719e-07,4.50458306427269e-07,9.09176307041919e-08,0.0236671405202772,1.35888036520966e-07,5.15589469792627e-06,1.2413928335448e-07,4.22522913633845e-17,3.45823182152081e-08,3.75370139891412e-08,1.83831903528725e-07,0.245494009336197
7.90033250102471e-08,4.0280350927862e-21,0.0322890439509424,0.0634517296286719,2.33549634199901e-08,0.147031223518311,0.00293731331308581,0.0754286243216807,0.063032517332609,0.0739344563284205,2.46019370239416e-08,0.261095129968145,8.19050780575424e-08,0.00480024795437473,0.045756898437078,0.0111480534998556,1.21222042461976e-07,1.0244145363437e-06,0.00540909403006343,0.213684313214879
1.54788953579325e-07,7.02465604434748e-20,1.17520426490067e-07,0.117342480728328,1.05970404038573e-08,0.179020640942042,1.77882166753449e-07,0.0545163467596395,0.0398938513990446,0.0686239257781968,7.41914892537137e-09,0.268144604908644,2.89737108480219e-08,0.000282605738758695,0.030970267244519,0.0111577257848488,0.00198486128287652,0.00933185886331639,3.54849848826209e-08,0.218730297903354
3.15915708124215e-08,1.61844839025739e-09,4.27709222611602e-07,0.12810392656382,9.67987648761379e-09,0.177052546738334,9.95544717948441e-08,0.0210949974542833,9.19695796621442e-06,0.0380956481858652,3.96667835873147e-20,0.295724190349507,1.29278334690284e-08,0.00458453276670382,0.0597926460894451,4.81487707435554e-08,0.0106357708125072,0.0242761488549584,2.29752585081913e-08,0.240629741021156
1.5659166215599e-07,1.28720437110627e-19,0.0545761355426144,0.0330027003934646,5.6242566015391e-08,0.145448299750674,7.58680105028902e-07,0.0744885956084941,0.0484796389859358,0.0717358343689422,2.75675568722065e-08,0.270541804968491,2.3219098623135e-07,0.00336199984204712,0.0761274383166566,0.00567852948642668,6.98764294855662e-08,3.16191714325402e-07,0.0079402564841254,0.208617148911108
5.92780021306214e-08,1.95783997124556e-09,0.0361506755119838,0.088176893593923,2.66029052238581e-20,0.181191637471538,6.80290057847287e-06,0.0583392208406656,0.00563266354076722,0.0169987778878704,8.68428112463171e-09,0.281852832645787,3.7360572956711e-08,3.96711829989005e-06,0.0465243951692124,4.30025780487307e-07,1.13753263179162e-07,0.0411433443740518,0.0147497488190663,0.229228389066516
7.89418332044182e-08,4.60589986494108e-21,0.00449963232752744,0.0922908501822449,1.60613098175008e-08,0.142295337786147,0.0243977423552363,0.124364992192195,0.0655761201955356,0.0606982996590623,2.43104444401937e-08,0.230958071693154,3.95834750894127e-08,1.64624457210009e-06,0.0211174675870517,0.0179366371156511,1.49640072910378e-07,1.32463850865932e-07,0.0269683171832462,0.18889444447739
2.29625812917819e-07,2.46626077418006e-21,0.0163964643504151,0.0720746079967027,1.27371936127518e-08,0.149807971098254,1.27115521266499e-07,0.0709174880101807,0.0538511204927855,0.103586461463188,1.12984086317264e-08,0.284308086144022,7.2070112182844e-08,0.00243335508103488,0.0326060207564791,0.0200538147785921,5.7134402703049e-08,1.16230578299773e-07,4.45760055230944e-08,0.193963939040311
4.66338746365347e-08,1.08091667778138e-19,0.0474537502843955,0.0426783479817569,1.64161703914148e-08,0.148798089087572,0.00643276879222161,0.083603919469118,0.062243824711195,0.057810643934901,2.5793892794097e-08,0.258392674375534,6.51718213006043e-08,3.14323276664606e-06,0.0560580769720336,0.00995517592392043,4.48308380373852e-06,6.53051131138989e-07,0.015714717756913,0.210849577326979
0.00795062060315913,1.12524201906627e-07,0.000353316501147745,0.149318203641548,1.77965211873076e-19,0.197520520997594,5.63072480554489e-08,5.17155532047195e-08,0.0156607942449073,0.0869901730824191,3.97497471487292e-08,0.340590748803466,5.55267983859505e-08,0.162264749022643,9.82437049302389e-08,1.05687062439979e-08,6.00953223477137e-08,1.13394660285456e-07,4.40448570003691e-09,0.0393502705726886
3.58499379539762e-07,6.03984124018651e-20,0.0104834200453773,0.0727208372120307,3.85382220490202e-09,0.166694454286133,4.67943022412325e-07,0.0900979668042557,0.0492563721086769,0.118861300377312,3.98964758923981e-08,0.296786157372809,1.60067650604742e-05,1.54600326282142e-08,9.56660689165773e-06,0.0363539874817244,5.08016299486056e-08,6.16032186020391e-08,3.29716031488214e-06,0.158715635721833
3.00267080334463e-08,4.36585256060777e-21,0.0290624422834067,0.0465537801493119,1.11682016165688e-08,0.149587089828179,6.05694141454421e-05,0.092150301057873,0.0702335011074015,0.06900576099532,1.69654750220893e-08,0.245601307589294,4.33268001247963e-08,0.00115786792502788,0.0515662887271391,0.0177464986901236,9.65544438170883e-08,1.40828780832452e-07,0.019093433331713,0.208180820030656
6.26427243590039e-08,2.95444059628984e-20,0.0375469010951442,0.0120966898225698,8.4380674404852e-09,0.151467216700366,1.17344028082239e-07,0.0865277475218839,0.0783805804863003,0.0940376136519585,2.3234712011191e-08,0.274061124408545,1.20190083342852e-05,4.50633713834529e-08,0.0294738800900354,0.0300716379370378,1.59860017924475e-08,2.25173456493362e-08,0.0212696838304883,0.185054610221086
6.08864104943548e-08,2.81167406989637e-08,1.46156518672644e-07,0.174811456780007,2.25705956650774e-21,0.187911608156745,1.48652594566406e-07,1.52418450333715e-07,0.0424443341212572,1.37347625153121e-07,1.57778619049319e-08,0.266739798556117,8.2906728981671e-08,0.00200837842033002,1.04210473264413e-07,1.36682834677363e-08,1.80355917963326e-07,0.0376638194194685,4.73385063836463e-08,0.288419486709964
